194241
208203
201593
206399
210829
202115
207813
205177
207011
192715
205155
202713
204758
199799
197478
897149
284826
282673
211486
208172
198621
194671
231029
210103
190607
208551
910534
198611
238977
202454
751313
205109
205461
209466
236765
236766
236767
236768
238030
236764
204720
201957
235836
209285
188954
208128
199797
675518
198637
231083
207866
232226
439366
591825
191948
815475
198633
236757
195484
209244
198569
198909
201802
194454
207789
681389
591845
699928
441024
231004
197995
192718
193635
193634
194521
205072
209058
198604
202963
198315
207405
209286
211504
211505
437244
205258
248157
246280
251120
246006
206712
206339
437593
503613
441227
461475
236668
687502
245860
435853
502377
435908
435622
435852
437245
437372
439933
438546
437342
503155
437329
437507
271775
271001
284829
433984
437326
439844
439411
437007
692597
461130
460490
460493
460491
460495
442183
439380
206725
195517
843968
191996
238974
202242
196737
337075
196738
188474
209062
209061
209059
209060
437371
441969
904106
208539
435894
204759
459190
439367
459507
198623
198620
198622
207706
202417
202418
198619
199605
198618
198617
437986
198632
198367
206724
198370
198307
198019
198366
198351
198369
438669
855708
202403
202404
202402
202291
198629
438644
202453
196160
438658
208042
202409
202410
202411
855215
855137
192326
197776
855710
198636
816629
208094
200646
696311
212584
827209
206913
206890
237242
238625
201893
192279
188855
195483
192227
192074
192075
202397
205464
195244
198863
855700
198616
204777
207522
188852
195394
195051
199301
855512
855697
855701
855704
855208
202416
202415
202412
202401
202419
198613
198614
198628
192076
207705
199800
191961
195400
855214
855216
855213
202405
202399
202406
202407
855212
204776
675517
198594
198635
682821
855711
714463
187492
198625
198626
716657
338304
438813
435906
643540
435909
816630
702752
769297
437784
726543
35796
439120
441965
459188
436809
436810
822083
437101
442491
816618
435907
712013
459186
440464
199313
212610
489972
442488
480704
438629
437845
208528
817124
435623
743039
438672
198373
438949
438338
438126
438127
436943
208527
761570
436808
436310
437322
198608
198333
437067
198631
212611
212627
212626
212625
187476
826277
826276
826278
202956
193419
193418
214869
214878
193416
193417
191728
195274
198308
196782
202420
222425
206917
238924
198961
195049
199675
205305
238925
208910
204859
206784
191946
204861
437328
440363
437327
501667
502178
17652
11923
438025
11921
436569
438545
187967
207502
437506
436301
437645
437508
437330
403552
13060
334673
438169
414681
11952
11922
11951
359429
21667
441768
414682
403212
403210
438659
403219
403214
395101
403435
345590
898209
830083
830078
830082
830081
402612
702954
403112
205620
205621
362039
339806
338355
345407
338349
403529
403217
402881
402879
403818
29379
362148
403211
337498
668777
353737
350478
397324
830079
402947
26948
383736
383505
403091
403370
403282
402906
402861
335996
210773
675597
204505
198600
402711
403842
197062
380617
401177
380631
380629
337725
371433
371432
188106
363897
371095
204848
198809
239236
336076
402875
337940
335240
198365
402867
402607
402869
402627
402860
402872
402874
402605
403500
198739
209095
396180
197058
403852
396428
342971
365340
353234
368429
380676
391402
396169
406472
348682
370802
370801
370800
396190
438690
395485
337497
368441
367327
212211
371867
371869
371868
371845
371839
371840
371846
371844
371843
370587
371842
371861
371865
371850
371862
371847
371852
371849
371851
371857
371864
371853
371859
371866
371856
371848
371863
371855
371860
371858
371854
371841
414629
370768
195422
195421
365368
403213
402602
402598
402600
402606
402616
402604
402601
402864
403110
402609
402878
402596
402599
403109
694375
383757
773281
830052
698347
694341
830080
357050
402611
856499
402884
336489
359453
402608
441115
336077
195052
366599
370887
366678
712269
766373
366658
361887
436105
16743
16744
237881
206836
194448
336151
336150
336157
680558
365006
360331
360326
360330
360329
640563
640562
641304
641305
641309
641369
390444
390447
390450
390457
390448
390436
337574
337636
680387
680382
680321
680391
680362
680390
680380
680398
680393
680459
680395
680468
680472
680464
679148
679224
679350
679259
679160
679352
679335
679222
679162
679337
679295
679310
679154
679298
679292
679150
679277
679296
679278
679152
679242
679164
679348
679365
679363
679439
679463
679464
679412
679492
679484
679382
679364
679469
679381
679414
679456
679473
679383
679471
679474
679472
679477
679470
680551
680627
680546
680557
680490
680499
680493
680498
680714
679564
679602
679633
679703
679640
679755
679528
679529
679694
679651
679675
679730
679511
679657
679530
679659
679765
679716
679696
679637
679563
679682
679702
679663
679608
679642
679681
679655
679680
679630
679654
679662
679508
679767
679920
679820
679784
679838
679845
679766
679839
679913
679779
679961
679850
679796
679822
679846
679808
679768
679842
679960
679806
681577
394015
336006
337456
377421
377416
377401
377402
377438
381924
377400
377392
372441
372446
372444
372439
372449
372679
375293
375275
375289
373525
373559
373526
373517
373562
373537
373531
373543
373550
373556
373569
373532
373558
373355
200553
198915
205197
336155
336156
336149
336101
336144
336083
336106
336100
336102
336096
336119
336120
336130
336145
336108
336118
336074
336080
336109
336097
336127
336103
336121
336146
336081
336098
336099
336104
336116
336105
336128
336117
336147
336129
336082
336148
336123
336152
336153
336154
364027
360327
366883
366882
367407
367404
367406
367405
367548
367552
367551
366738
366739
366388
641306
645046
390428
390451
390455
390445
390431
390453
390440
390449
390443
390432
390430
390427
390442
390434
390429
390452
656825
680256
680301
680294
680384
680386
680323
680278
680273
679230
679482
679462
679459
679491
679380
679457
679495
680616
680620
680657
680661
680710
679715
679506
679714
679509
679733
680060
679841
680056
679848
679821
680252
680728
680786
680748
680750
680725
680751
680769
680826
680820
680823
680732
375829
337452
336825
340553
340569
383787
350903
350891
372440
372752
374209
375277
375285
375286
375282
373529
372775
372908
358526
421342
421331
421340
421339
421341
421355
421351
421347
421365
421345
421346
421364
421360
421362
421354
421352
421359
421350
188829
360379
339652
720206
337124
336125
336107
336122
336084
396869
369311
369308
367409
367412
367550
367547
366592
366744
366740
632051
390114
654543
662574
662572
662573
680203
680266
679396
679498
679493
679384
679917
686512
686645
686625
686634
680770
394016
345012
345013
343960
344012
383240
383243
382141
374055
357085
418578
421343
421344
421361
387848
771134
348323
338983
195038
195034
195036
195035
195037
195025
855105
855102
855103
855104
348324
416987
368594
697703
376452
396903
392883
383235
388435
388437
200634
771140
771347
195054
196768
196767
195440
686649
686523
686644
686650
686624
686651
686640
686636
686637
686648
686623
686635
686647
686641
686642
686652
686632
686633
686656
686653
686630
686643
686646
686638
686627
686639
686626
381864
377023
388436
195390
670185
392816
392815
392812
392814
375298
195057
829372
380479
358904
428022
427994
428059
198746
194652
191604
438645
340579
236774
21935
349857
345000
349620
191944
344994
360404
198962
370679
205535
205536
347054
351957
358416
461014
231787
340577
210662
461031
205131
461189
461641
344493
351789
460341
376192
364430
365881
371870
460379
365179
460594
347296
352691
461619
460986
460710
461177
461172
461352
461440
460964
461059
461745
461027
460971
363942
460972
460794
436739
358184
366600
366614
780356
460946
356429
436453
442761
226443
226498
229848
193636
226461
227555
212822
212279
214954
214949
214950
214315
214951
213446
228724
217763
217225
217760
217756
220850
220849
220851
226312
217766
214948
199774
224077
221167
215015
223742
219727
230175
209873
191962
222887
222883
212296
214952
224076
224075
200948
187493
194452
198820
214791
230042
230174
222882
246431
366514
366513
334947
195032
195027
195026
195033
195028
195030
195029
195031
662043
662065
659977
380484
371039
353883
213099
215443
227549
227656
662124
662223
662233
662225
662224
662248
662251
662255
662271
662239
662266
662240
659974
659978
659981
660003
659984
659995
659982
659998
660006
659996
659992
660005
202244
380483
368756
214319
719593
662230
662222
662218
662221
662235
662227
662242
662236
662246
662280
662252
662243
662254
662247
662269
662272
662275
659105
659106
659110
659111
659101
659097
659108
659115
659976
659116
659434
659980
659425
659436
659442
659117
659123
659119
659452
659440
659433
659426
659430
660000
659999
660004
660007
660008
660001
198862
380487
221177
662127
662231
662228
662226
662229
662249
659103
659427
659118
659973
659429
660002
355053
780307
354958
430813
430812
440372
372103
459584
230970
644080
657683
897159
897274
897268
897273
897272
897161
342930
894146
270119
270120
894017
262150
264507
262169
262153
262172
262170
266161
263480
436966
771695
239350
239349
364431
435844
191191
193703
239211
349546
437274
771842
238975
693772
11016
501736
724811
437283
247875
437891
437246
437284
248140
253569
333996
27136
435584
436229
777855
251821
435583
338920
906103
336457
695533
440357
439768
439767
439769
459511
388035
345079
436771
371640
334465
358300
461480
461481
460617
345404
268998
400192
459985
440352
404157
897266
897178
897150
897163
12118
747657
438776
197032
248132
251473
246880
387923
387929
266626
265718
286573
394877
480979
459348
367142
357997
746116
437827
350455
301921
13358
397978
251411
267739
248153
381436
396154
358406
368568
194616
695500
344191
855705
198825
440353
440361
355401
340314
336460
702012
657124
660840
347316
414695
662286
345402
752062
251474
258540
662170
813181
658782
665754
660886
660773
818214
345589
716668
694987
694968
694980
694973
418851
418850
418716
418800
418852
694925
695137
897269
712702
698552
698565
698553
698568
698532
698538
698539
435848
698563
698530
698536
698540
698558
698555
698560
698534
738489
698419
364911
436053
248059
251929
247117
459349
12325
248899
186720
186721
348005
256403
671066
246700
245834
245836
245837
246875
245833
248467
248139
245832
436051
248141
814768
384631
335111
435640
245839
659606
245831
258542
251037
661918
355619
753979
251040
251401
662177
663791
660930
698575
663802
347206
690559
437335
438691
436054
251414
248752
664612
657440
659676
657064
657338
658816
659056
661946
662977
662173
664842
662975
663798
662970
662287
665757
665748
665752
666211
665822
665824
349858
656058
656748
656724
659006
658469
660771
662638
662278
665776
665818
657238
659703
659109
658924
659633
657691
659689
659734
664680
663782
664816
662661
663869
665758
665782
665753
665799
661878
660836
662571
664910
690774
690640
762911
656082
657763
659744
659641
664638
665750
664857
666207
665751
660985
438673
695537
853821
690792
690590
690811
440373
690752
690644
690557
690552
690562
690803
344216
690639
690594
407852
407849
407851
407986
407965
408001
407995
407993
408002
407987
407988
407979
407978
407976
407977
407994
408008
407829
407847
407831
407842
407827
407828
407845
407846
407830
407826
407825
407843
402840
690539
690674
690785
690670
690668
343337
690651
690564
690597
690645
690545
690778
690763
690578
690766
690641
690642
690553
690555
690699
690563
690646
690686
690769
690650
690783
690786
690802
690812
690790
438626
345946
334512
690549
690566
690558
690547
690637
690551
690809
690805
347233
357382
906101
254565
351243
350303
690643
439761
351978
338117
695524
394785
437231
707466
406935
337897
341941
830941
765937
765858
765875
765892
765866
765872
765884
765885
765936
765880
765870
765881
765877
765882
765871
765940
765883
765941
765939
765934
765935
765873
765879
765878
765893
765942
765874
765868
765869
765894
765889
765895
765938
765876
765933
765890
765886
765853
765851
765839
765891
765852
418700
403101
910724
347352
246888
248034
248037
248035
248052
248066
248069
248036
337481
440350
395493
349544
669968
690194
669998
670003
690195
762913
376119
440368
334711
385484
669997
650212
371112
669050
669053
418707
418713
418802
418704
418717
418718
418719
418721
418768
418801
418799
418710
418712
395667
342472
337309
669047
669038
370752
335266
383275
383280
383279
650759
198612
191980
435905
437373
338788
203952
364091
188528
344613
341957
338317
414813
338116
340906
416852
340490
953860
338991
338314
690777
690804
368025
368020
368026
368017
368018
368021
368027
368022
368028
368019
197046
690541
340545
340546
350477
690669
690561
690648
690764
690808
812854
347582
368023
338686
254819
365363
414679
761759
347581
405032
361886
400545
405033
368024
338457
405059
405065
405053
405066
340480
338316
405041
362155
917188
376142
345036
349658
414808
414807
414812
346085
340479
668276
355453
414680
341987
382525
249051
402755
461463
417846
414683
383277
383278
383281
383276
338248
338348
338249
338354
348621
400520
414814
414811
338315
698451
338714
698453
698440
698445
698494
698430
698418
698528
698454
698446
698491
698527
698496
698433
698474
698470
698458
698449
698459
698436
698462
698450
698438
698463
698488
698526
698434
698476
698422
698489
698515
698551
698571
698429
698466
698513
698425
418698
341447
341446
339085
341983
346721
341442
338358
338353
338357
338352
338359
338356
340478
338347
630108
630093
630088
630119
630080
630125
630081
630942
630954
630947
630957
630091
630120
630083
630122
630111
630082
630100
630127
630124
630094
630136
630109
630134
630087
630095
630085
630110
630113
630090
630092
630941
630944
630946
630955
630950
630951
630953
630948
630073
380672
338313
363328
340557
630074
344912
338687
338351
338564
338673
391603
339178
340543
338684
338668
815447
334578
363073
397768
397765
397763
397764
338689
338683
338685
716834
354165
248316
372748
856604
856603
856602
365364
338194
338691
340448
650194
650760
650754
650700
650756
650757
650731
650702
650705
650758
650755
815784
690183
690186
358045
856508
397769
338672
650115
650197
650122
650125
650224
650200
650189
650106
650186
650753
650198
338119
345469
856485
381535
338350
